Time (s) Voltage (microV)
0.0000000 0.0001200
1.0000000 0.0001200
2.0000000 0.0001200
3.0000000 0.0001200
4.0000000 0.0001200
5.0000000 0.0001200
6.0000000 0.0001200
7.0000000 0.0001200
8.0000000 0.0001200
9.0000000 0.0001200
10.0000000 0.0001200
11.0000000 0.0001200
12.0000000 0.0001200
13.0000000 0.0001200
14.0000000 0.0001200
15.0000000 0.0001200
16.0000000 0.0001200
17.0000000 0.0001200
18.0000000 0.0001200
19.0000000 0.0001200
20.0000000 0.0001200
21.0000000 0.0001200
22.0000000 0.0001200
23.0000000 0.0001200
24.0000000 0.0001200
25.0000000 0.0001200
26.0000000 0.0001200
27.0000000 0.0001200
28.0000000 0.0001200
29.0000000 0.0001200
30.0000000 0.0001200
31.0000000 0.0001200
32.0000000 0.0001200
33.0000000 0.0001200
34.0000000 0.0001200
35.0000000 0.0001200
36.0000000 0.0001200
37.0000000 0.0001200
38.0000000 0.0001200
39.0000000 0.0001200
40.0000000 0.0001200
41.0000000 0.0001200
42.0000000 0.0001200
43.0000000 0.0001200
44.0000000 0.0001200
45.0000000 0.0001200
46.0000000 0.0001200
47.0000000 0.0001200
48.0000000 0.0001200
49.0000000 0.0001200
50.0000000 0.0001200
51.0000000 0.0001200
52.0000000 0.0001200
53.0000000 0.0001200
54.0000000 0.0001200
55.0000000 0.0001200
56.0000000 0.0001200
57.0000000 0.0001200
58.0000000 0.0001200
59.0000000 0.0001200
60.0000000 0.0001200
61.0000000 0.0001200
62.0000000 0.0001200
63.0000000 0.0001200
64.0000000 0.0001200
65.0000000 0.0001200
66.0000000 0.0001200
67.0000000 0.0001200
68.0000000 0.0001200
69.0000000 0.0001200
70.0000000 0.0001200
71.0000000 0.0001200
72.0000000 0.0001200
73.0000000 0.0001200
74.0000000 0.0001200
75.0000000 0.0001200
76.0000000 0.0001200
77.0000000 0.0001200
78.0000000 0.0001200
79.0000000 0.0001200
80.0000000 0.0001200
81.0000000 0.0001200
82.0000000 0.0001200
83.0000000 0.0001200
84.0000000 0.0001200
85.0000000 0.0001200
86.0000000 0.0001200
87.0000000 0.0001200
88.0000000 0.0001200
89.0000000 0.0001200
90.0000000 0.0001200
91.0000000 0.0001200
92.0000000 0.0001200
93.0000000 0.0001200
94.0000000 0.0001200
95.0000000 0.0001200
96.0000000 0.0001200
97.0000000 0.0001200
98.0000000 0.0001200
99.0000000 0.0001200
100.0000000 0.0001200
101.0000000 0.0001200
102.0000000 0.0001200
103.0000000 0.0001200
104.0000000 0.0001200
105.0000000 0.0001200
106.0000000 0.0001200
107.0000000 0.0001200
108.0000000 0.0001200
109.0000000 0.0001200
110.0000000 0.0001200
111.0000000 0.0001200
112.0000000 0.0001200
113.0000000 0.0001200
114.0000000 0.0001200
115.0000000 0.0001200
116.0000000 0.0001200
117.0000000 0.0001200
118.0000000 0.0001200
119.0000000 0.0001200
120.0000000 0.0001200
121.0000000 0.0001200
122.0000000 0.0001200
123.0000000 0.0001200
124.0000000 0.0001200
125.0000000 0.0001200
126.0000000 0.0001200
127.0000000 0.0001200
128.0000000 0.0001200
129.0000000 0.0001200
130.0000000 0.0001200
131.0000000 0.0001200
132.0000000 0.0001200
133.0000000 0.0001200
134.0000000 0.0001200
135.0000000 0.0001200
136.0000000 0.0001200
137.0000000 0.0001200
138.0000000 0.0001200
139.0000000 0.0001200
140.0000000 0.0001200
141.0000000 0.0001200
142.0000000 0.0001200
143.0000000 0.0001200
144.0000000 0.0001200
145.0000000 0.0001200
146.0000000 0.0001200
147.0000000 0.0001200
148.0000000 0.0001200
149.0000000 0.0001200
Filename given when saved in H2ORUN= C:\Users\nikit\OneDrive\Documents\projects\H2O-run\live_ohm_run_to_file.csv
Date of measurement= Tuesday, Aug 01, 2023
Time of measurement= 15:53:22
PreOHM time (s)= 50
OHM time (s)= 50
AfterOHM time (s)= 50
Current decade box resistance= 19669
